station_name X Y Z dish_dia el_low el_high SEFD altitude
m000 5109271.497354163 2006808.8930278125 -3239130.7361407224 13.5 15.0 85.0 110.0 1000.0
m001 5109284.8540775385 2006824.2217235335 -3239100.126460417 13.5 15.0 85.0 110.0 1000.0
m002 5109272.199343496 2006783.5460499495 -3239145.330041681 13.5 15.0 85.0 110.0 1000.0
m003 5109294.928584987 2006755.5098540583 -3239126.2662496553 13.5 15.0 85.0 110.0 1000.0
m004 5109291.902149397 2006692.968027261 -3239169.9464134425 13.5 15.0 85.0 110.0 1000.0
m005 5109269.975114168 2006707.4932163078 -3239196.0734994877 13.5 15.0 85.0 110.0 1000.0
m006 5109233.717825731 2006783.3451926927 -3239206.815200422 13.5 15.0 85.0 110.0 1000.0
m007 5109209.263489414 2006697.0722830165 -3239299.3666825695 13.5 15.0 85.0 110.0 1000.0
m009 5109180.035241174 2006816.6101128524 -3239272.322421446 13.5 15.0 85.0 110.0 1000.0
m010 5109093.556556124 2006842.5269473032 -3239393.9238805193 13.5 15.0 85.0 110.0 1000.0
m011 5109170.180558709 2006868.2360954522 -3239256.0120625785 13.5 15.0 85.0 110.0 1000.0
m012 5109142.247324063 2006917.4373964376 -3239270.082551804 13.5 15.0 85.0 110.0 1000.0
m013 5109095.433207094 2007003.019458233 -3239292.0873116693 13.5 15.0 85.0 110.0 1000.0
m014 5109130.110479972 2007063.7807552442 -3239199.2244112855 13.5 15.0 85.0 110.0 1000.0
m015 5109186.746785172 2007010.792884813 -3239141.5084863324 13.5 15.0 85.0 110.0 1000.0
m016 5109174.267882786 2007089.171932136 -3239112.9348793244 13.5 15.0 85.0 110.0 1000.0
m018 5109212.230825102 2006908.0825780418 -3239164.3812462403 13.5 15.0 85.0 110.0 1000.0
m019 5109170.171972917 2006961.4613794305 -3239198.4921140065 13.5 15.0 85.0 110.0 1000.0
m020 5109190.13422423 2006890.0451633965 -3239210.7863867055 13.5 15.0 85.0 110.0 1000.0
m024 5109563.694316296 2006555.3870942453 -3238821.563143286 13.5 15.0 85.0 110.0 1000.0
m025 5109537.966349456 2006726.92364889 -3238756.7406908716 13.5 15.0 85.0 110.0 1000.0
m026 5109409.880855489 2006765.759243068 -3238936.9514141064 13.5 15.0 85.0 110.0 1000.0
m027 5109340.506869436 2006888.36185406 -3238971.927501068 13.5 15.0 85.0 110.0 1000.0
m028 5109343.517321744 2006791.0743168397 -3239026.9717298932 13.5 15.0 85.0 110.0 1000.0
m029 5109339.748209414 2006749.2162893391 -3239058.7645782907 13.5 15.0 85.0 110.0 1000.0
m030 5109357.505326976 2007035.5728449624 -3238853.8763383804 13.5 15.0 85.0 110.0 1000.0
m031 5109320.53511894 2007101.9368932561 -3238871.3346357504 13.5 15.0 85.0 110.0 1000.0
m032 5109280.818664529 2007317.0134066753 -3238800.99879004 13.5 15.0 85.0 110.0 1000.0
m033 5109561.4112404715 2007555.5082678997 -3238207.174220806 13.5 15.0 85.0 110.0 1000.0
m034 5109223.044799101 2007183.1621535402 -3238977.047467393 13.5 15.0 85.0 110.0 1000.0
m035 5109141.20538522 2007181.4666213135 -3239108.9062810717 13.5 15.0 85.0 110.0 1000.0
m036 5109088.628951989 2007163.0766857928 -3239203.630401321 13.5 15.0 85.0 110.0 1000.0
m037 5109012.51005451 2007124.6149117544 -3239349.23577353 13.5 15.0 85.0 110.0 1000.0
m038 5109021.194393137 2006948.6299424078 -3239443.4970667283 13.5 15.0 85.0 110.0 1000.0
m039 5108995.841450941 2006982.1189017473 -3239463.5813773163 13.5 15.0 85.0 110.0 1000.0
m040 5109040.863906835 2006698.328029015 -3239566.503392346 13.5 15.0 85.0 110.0 1000.0
m041 5109158.685729059 2006464.5311491527 -3239522.088402983 13.5 15.0 85.0 110.0 1000.0
m042 5109280.357026713 2006432.6365745994 -3239348.227095367 13.5 15.0 85.0 110.0 1000.0
m043 5109533.612994713 2006244.0292461156 -3239061.144608984 13.5 15.0 85.0 110.0 1000.0
m044 5109972.699386748 2006130.3757383255 -3238431.52176684 13.5 15.0 85.0 110.0 1000.0
m045 5110157.095304995 2005196.4430005813 -3238718.8430690356 13.5 15.0 85.0 110.0 1000.0
m046 5110723.700941899 2005811.697104781 -3237438.2905798773 13.5 15.0 85.0 110.0 1000.0
m047 5109331.745956505 2006220.13139806 -3239396.763873497 13.5 15.0 85.0 110.0 1000.0
m048 5111655.260922166 2004739.749548672 -3236633.1052475525 13.5 15.0 85.0 110.0 1000.0
m049 5110888.06656438 2003578.5873204677 -3238574.254511529 13.5 15.0 85.0 110.0 1000.0
m050 5109713.6534868665 2004786.4686150164 -3239676.2400869066 13.5 15.0 85.0 110.0 1000.0
m051 5109311.351489685 2005919.935113488 -3239613.4750407217 13.5 15.0 85.0 110.0 1000.0
m052 5109039.422732197 2006089.308403023 -3239941.073313754 13.5 15.0 85.0 110.0 1000.0
m053 5108748.655700241 2006622.4710481798 -3240077.320541445 13.5 15.0 85.0 110.0 1000.0
m054 5108814.452029289 2007575.0841672644 -3239384.667574189 13.5 15.0 85.0 110.0 1000.0
m055 5108974.663302383 2007992.3398763617 -3238870.2866998403 13.5 15.0 85.0 110.0 1000.0
m056 5109003.200202344 2008429.669353993 -3238550.478203516 13.5 15.0 85.0 110.0 1000.0
m057 5110793.520952139 2007732.149396201 -3236139.971630114 13.5 15.0 85.0 110.0 1000.0
m058 5109608.665909185 2009964.6397019636 -3236636.2094202847 13.5 15.0 85.0 110.0 1000.0
m059 5108382.618088246 2010429.232487033 -3238301.702006154 13.5 15.0 85.0 110.0 1000.0
m060 5107254.013471882 2009699.3572179652 -3240542.587340528 13.5 15.0 85.0 110.0 1000.0
m061 5108278.559161539 2006410.136906058 -3240956.885313587 13.5 15.0 85.0 110.0 1000.0
m062 5108713.98241022 2005051.0165491276 -3241111.829132157 13.5 15.0 85.0 110.0 1000.0
m063 5109748.526320712 2003331.232038675 -3240538.853735712 13.5 15.0 85.0 110.0 1000.0
